# Motion standard deviation as fraction of a overall prior variance
0.3

# Hidden Equilibrium Fraction
0.2

# Hidden Particles Time Constant
4.0

# Hidden weight
0.02

# Max number of mean shift iterations
20

# Spatial mean shift kernel width
5.0

# Mean shift positional tolerance
1.0

# Number of views
3

# Reduced state dimension
5

# Total number of structures
14

# Structure Names and Views
crux 0 1
apex 0 1 2
base 0 1
mitral_valve_end 0 1 2
mitral_valve_centre 1 1
tricuspid_valve_end 0 1
tricuspid_valve_centre 1 1
aortic_valve 0 2
aorta_3V 0 3
pulmonary_valve 0 3
trachea 0 3
SVC 0 3
spine 0 1 2 3
descending_aorta 0 1 2 3

# View 1 max Fourier expansion order
3

# View 1 mean
-0.13293018399033255 0.010666389783612139 1.0418472448841367 -0.021236647157487958 -0.835674489211182 0.06513730072034787 -0.17357752446822286 0.7545019524877752 -0.08963731318240356 0.3842033785015211 -0.1605522920811586 -0.7268858303188758 -0.0551228618085857 -0.3697611199898118 -1.2338907500466394 0.9997985711593648 -0.9476579502649991 0.8875008645664771 0.01448803147936862 -0.0018174244206533162 0.0 0.0 0.0 0.0 0.0024401060765933524 -0.004782694617540263 -0.0035602446713054866 0.0022808465349877494 0.020727219257426106 0.0006565428215398883 0.0006052296079596752 0.0010485663640065724 0.0 0.0 0.0 0.0 -0.06830825298898373 0.015210132521061594 0.0 0.0 0.0 0.0 -0.049382762241689186 0.007698126740497156 -0.04823335801196538 0.017127991915956636 -0.07960360942235169 0.011817711925792734 -0.05838220800230755 0.00928152033891337 0.0 0.0 0.0 0.0 0.0018776504026102973 -0.0007483702875763544 0.0 0.0 0.0 0.0 -0.001084186020688473 0.0005805824083490718 -0.014527316262540155 0.005779399038181873 0.00537858019913752 -0.004652794594544497 -0.013306864750241142 0.0021367959906724602 0.0 0.0 0.0 0.0 -0.006199154125495224 0.0018455306993776287 0.0 0.0 0.0 0.0 -0.004242818073712889 -0.0014665679547933952 -0.00025479411256650904 -0.00035735388203384964 -0.005797773531240553 0.0004242925358915953 -0.003628814593571477 0.00016822931790727398 0.0 0.0 0.0 0.0 -0.0008943644327372278 -0.0015361370830439135 0.0 0.0 0.0 0.0 -0.00037209250443486354 0.0009728079589158741 -0.005642210386937786 0.0021647768737778315 0.0005297822418636742 -0.001163477702479484 -0.0045594182060480085 0.0015283635228369409 0.0 0.0 0.0 0.0 -0.0006373682947643255 0.0005863386821289839 0.0 0.0 0.0 0.0 -0.00239057053767724 0.0003727828904666928 -0.007759783091729171 0.003668176046015473 -0.0016051377229028179 -0.0013372575184965305 -0.009636382351216648 0.0019900853210468744 0.0 0.0 0.0 0.0

# View 1 scaled principal axes
0.05948919060041396 0.015401517406973564 0.033758582423575816 -0.014220957973547757 0.019414125307146878
-0.002473850887848779 0.004336825605028452 -0.01173554145421605 0.005847741997685763 -0.02087341764579272
0.03355713415731163 0.04045982541032403 0.07212670954764645 -0.03724794833493066 -0.0241957824133193
-0.013090673937161183 -0.0015116897089734991 0.019594963796338724 0.01740015703135346 -0.0026608931546972425
0.0824918754195132 -0.01116386816517806 0.016002105309933373 0.06032657907170189 0.060338715071583435
-0.009713362570876273 0.042479536562869874 -0.06397261775117323 -0.05988205949555291 -0.031081002488623482
0.07162409050482801 0.04701100919081047 0.027292475297430917 0.04221792126482114 -0.08194196510937295
0.007372347818409358 0.03302365264603063 -0.028364650797429208 -0.017626677134986952 -0.008788646168721756
0.07659357335234378 0.029654208822093926 0.03553649857947229 0.01902738041154212 -0.027527886863355278
-0.0045241451129931385 0.022111916721416137 -0.01575380033742037 0.0006883523985802488 -0.015078037988176939
0.06881573508803425 0.020735653614212052 0.06148416508467556 -0.052018221395492614 0.02182601911963303
-0.012136642861534338 0.0032250543691854225 0.011539273252823968 0.035187206891336274 -0.002743238007150766
0.05022167499071244 -0.0006565542962397145 0.04675227087092324 -0.014335625982332883 -0.0007689756911958079
-0.0019231478784679198 -0.0044769638984737065 -0.0015297324141959143 0.022232648513566457 -0.005323657703242946
0.11583859319389266 -0.05742569482149037 -0.0771461712748981 0.0007932972868148988 -0.009060319964510415
0.01694194457636547 0.17483986949759642 -0.023344561485303367 -0.011895365276175986 0.044595231611002074
0.1371636354692847 -0.04401491591607921 -0.05118605529240269 -0.021358460811050833 0.008664513284531166
0.015830859997004967 0.11176652208887146 -0.048524232139645476 0.043718391961963435 -0.0032346796359986347
-0.007810565994902294 0.004125984188770175 -0.0009449123171783837 0.004221025508314938 0.003621376768489939
-0.00042766151183673914 -0.0023981176379298547 0.0004988719111790466 0.0014661672926755624 0.00010825140043064635
0.0 0.0 1.41182102336443e-31 0.0 3.41122623661716e-24
0.0 0.0 1.7647762792055374e-32 1.812798386351868e-27 2.132016397885725e-25
0.0 0.0 0.0 5.664994957349587e-29 1.332510248678578e-26
0.0 0.0 0.0 0.0 -4.164094527120557e-28
-0.0027680299013678336 -0.0016569325688250477 0.004356666194401664 0.004114825723527579 -0.00181129173824059
-0.0027137316758327917 -0.00028233310830299505 0.0017813617978877424 -0.00018119394033301665 0.00016093122490229975
-0.00289140602319405 -9.919307530411281e-05 0.00023558031257639542 0.0015824553715432337 0.0025616469175431555
0.000698435598112856 0.001156218361003035 0.0005676153439491699 0.0006931728189988936 -0.0008017729789483221
-0.002016416815960682 0.012705740470036168 -0.003301969228855236 0.006573326705965484 -0.00048575202422383376
0.0006273201487482203 0.000861866198072498 0.003923574492567388 -0.0005333513987614416 0.003070103835736266
-0.0013079817064029719 0.0001856412626135831 -0.0028014161655173318 0.0009375795048944891 0.000338136350780468
0.0007626241767093349 7.068728885452866e-05 0.0012143628627902228 0.0012569475103675603 0.0005374323752646758
0.0 0.0 1.5674362067890412e-46 2.0931149278324209e-41 1.8936109550488965e-39
0.0 0.0 7.837181033945206e-47 1.2880707248199513e-41 1.136166573029338e-39
0.0 0.0 -4.702308620367123e-47 -9.660530436149635e-42 -9.468054775244483e-40
0.0 0.0 2.743013361880822e-47 5.635309421087287e-42 3.3138191713355694e-40
0.005390074840522514 -0.002380544161460343 0.0004499921481338976 -0.0018438066222496903 -0.005076739945205404
0.0011726245522494607 0.0039828146958656935 -0.0007591305440964105 0.0018383129436005772 0.000829152069162076
0.0 0.0 0.0 0.0 0.0
0.0 0.0 0.0 0.0 0.0
0.0 0.0 0.0 0.0 0.0
0.0 0.0 0.0 0.0 0.0
0.007294224254354384 -0.0003830849549951836 -0.002746581364475953 -0.01740906552975313 -0.0007581148890538985
-0.0015382990246159683 0.005674142435681385 -0.0007286567856380496 0.0019329299557268008 -0.006392455078858478
0.0027269491665209834 0.002895026245970391 0.0024078360173555202 -0.0012777392607281333 -0.0032650419467927464
0.001792623753009802 0.002528726594311675 -0.0014317465130067538 -0.0007462699994378806 0.0007259463954595564
0.007892305173940949 -0.011456987489809011 -0.004668508971781734 -0.018882121179952027 -0.0016683267229310745
-0.007621770057541109 -0.0025811117588687036 -0.005208046073387941 0.00773649119785949 7.365448812310947e-05
0.0013952899468077323 0.0010877441891846214 0.0040562550691012065 -0.002936803103765828 -0.0005247922103256986
-0.0005936171823643347 0.0018475731941504023 -0.0018840170249916474 -4.122684023851186e-05 0.0015375911908317315
0.0 0.0 0.0 0.0 0.0
0.0 0.0 0.0 0.0 0.0
0.0 0.0 0.0 0.0 0.0
0.0 0.0 0.0 0.0 0.0
-0.0014058268167506977 0.001098064466919447 -0.0017268389267961024 0.0005126273559815137 -0.0004623426604180226
0.00219523922823504 -0.0012172836500172221 0.0001312251077019705 -0.0009417526652342928 0.00038468149544002283
0.0 0.0 0.0 0.0 0.0
0.0 0.0 0.0 0.0 0.0
0.0 0.0 0.0 0.0 0.0
0.0 0.0 0.0 0.0 0.0
-0.00046177629682613627 0.0002486473453479361 -0.0010589255664495457 -0.0010779915212176122 0.00011570528812275451
0.0005696813064947638 0.0007178080413571228 -3.9089821003867956e-05 -0.0007963537137461787 -0.0013819914320262652
0.0018280722401835484 -0.0009897510011462301 -0.00045258394355579003 -0.0023659283481094915 -0.0022003987094710515
-0.0004745490585652948 0.0015047859552586476 0.0009959281201160697 0.0006541834650000394 0.0010390996813775517
-0.0006663252165433197 0.000823423630808519 -0.0016891264021958036 0.0014644883870547245 -0.0005126386672646729
0.0014643793848432467 -0.0005797022899809323 0.0011076635931686672 -0.002743992769157078 4.129074790912067e-05
0.0015372467802862043 -0.0025801486638769144 -0.003549322459295018 -0.0033753265270780003 -0.0017167400902509918
-0.0004339366359961093 0.0007836803599374588 -2.6697057203586013e-05 0.00019508494275094222 0.0008012385747235596
0.0 0.0 0.0 0.0 0.0
0.0 0.0 0.0 0.0 0.0
0.0 0.0 0.0 0.0 0.0
0.0 0.0 0.0 0.0 0.0
0.0001600329483882518 -0.0001629229120936318 -9.98898725107556e-05 -0.0009576342062097087 -0.0015972690878144698
0.0005414409761807005 -0.0002492472517553032 0.00015643456095043663 0.0005580893468591515 0.0009447937846921916
0.0 0.0 0.0 0.0 0.0
0.0 0.0 0.0 0.0 0.0
0.0 0.0 0.0 0.0 0.0
0.0 0.0 0.0 0.0 0.0
0.00019304571547699344 0.0009882526028075912 -0.00022498502607528286 -0.001353010454216879 0.0011008248402144115
0.0008034672533660333 -0.0007400622477586786 -0.001280408363303896 -0.00024386922765015152 0.00017672051811853817
0.0018281080041994608 0.0011496283953142292 0.0010190952669218872 -0.0021526394309222385 0.0010200272124216377
4.4901220315306745e-05 -0.0020768192354308733 -0.0011338678654999256 -0.0002505144278319594 0.0001635371533059043
-0.000256820067052565 0.0005022821813353438 -0.002327062810943343 -0.004226912717357024 -0.001824047070917867
-0.0001549968569598886 -0.0004628577153434602 0.0004610321173038698 0.0005844567192596425 0.0014161158644066503
0.0017096816496771454 -0.0004859564030903436 0.0012043180171502858 -0.002840419845607576 -0.001287996173639788
-0.0002127921331349548 0.00027786399882143994 0.0005030618163200835 -0.0005293469752449375 0.0002733386252258566
0.0 0.0 0.0 0.0 0.0
0.0 0.0 0.0 0.0 0.0
0.0 0.0 0.0 0.0 0.0
0.0 0.0 0.0 0.0 0.0
-0.0013662390053558102 -0.0002689899019890631 0.0004739421831377226 0.0006946427978670627 0.0009684871291901632
0.0004614105635703641 3.257509940191263e-05 0.00030920623324660185 -6.803083522983783e-05 -0.00012147025147612673
0.0 0.0 0.0 0.0 0.0
0.0 0.0 0.0 0.0 0.0
0.0 0.0 0.0 0.0 0.0
0.0 0.0 0.0 0.0 0.0
-0.0011899949155065074 -0.00019595819259368827 0.0003628059619464932 -1.703513442734298e-05 0.0009873820680602094
-0.0004924409008504393 0.0001825743129857739 0.0002761190951033253 -7.407731444884447e-06 -0.0003347298858107333
-0.0006826912301603606 -0.0006412959072626223 0.0008721102298490306 0.00040158349246420896 -0.0006627482954956931
0.0001760450482995272 -1.1900342060746577e-05 -0.0006507803888075919 -0.0002466961857111038 -0.0004929775054750751
0.0009546091397188889 -0.00013144507473212977 0.0007642413089450117 0.0019664209206383884 0.00041562017204927306
0.00031345459314657695 0.0006197525836569346 2.7419488469684304e-05 -0.0010119578500387368 5.8425288487598993e-05
-0.00101042069330128 -0.0015926888168447616 0.0006258277195182653 0.0010140593335989936 0.0006346076939344044
0.00031196738237416056 0.0028133326274150635 0.00014299079362789242 0.0001010561840756717 -0.0002994174065934914
0.0 0.0 0.0 0.0 0.0
0.0 0.0 0.0 0.0 0.0
0.0 0.0 0.0 0.0 0.0
0.0 0.0 0.0 0.0 0.0
0.0004939149636323754 0.0007036820865235139 -0.0003007570719926707 -0.00013548396156045834 -0.001161437041918587
0.00044787771027132934 -0.0004697162901966495 -1.9273651839291406e-05 -0.00019013629947535072 0.00040039196280834775
0.0 0.0 0.0 0.0 0.0
0.0 0.0 0.0 0.0 0.0
0.0 0.0 0.0 0.0 0.0
0.0 0.0 0.0 0.0 0.0
-0.00010624891685882278 -0.0001321765698063554 -0.0009836672959749428 -0.0012884621555489118 -0.00044604955111613337
8.736882467199326e-05 0.00042270040793721344 -0.0006419400553682142 -0.00030456267776769557 -0.0001654489995246752
0.0015521989655685206 0.001001503907988519 -0.00023843816159202223 -0.002522823291021642 -0.0010111770958612576
0.0002730428540393122 0.00024267471456366932 -0.00033254262854687656 5.751613472145128e-05 -0.0003560732572240983
0.0002543782625504233 0.000553422579326898 -0.0007965037773176584 -0.0010874831200663889 -0.0006757071214133468
-0.00036575634315306007 -0.00042568992210598676 0.0008583723972864314 -0.0010079535007582793 0.00026241420579190276
0.0019294356577756314 -0.00018571855567565748 -0.0007994054426266665 -0.0017205521782343298 0.00010901098846482357
-0.0011660189975561093 0.002477375612677725 0.00040351650686613666 0.0007610379878193176 0.0004914383302555967
0.0 0.0 0.0 0.0 0.0
0.0 0.0 0.0 0.0 0.0
0.0 0.0 0.0 0.0 0.0
0.0 0.0 0.0 0.0 0.0

# View 2 max Fourier expansion order
3

# View 2 mean
1.0613554226802986 0.013488912013060924 -0.12305408390673926 0.7798042123332988 -0.19256044444185508 -0.00465630350778582 -1.2253000990139749 0.9125293709656465 -0.9276289229531581 0.871493862376584 0.0 0.0 0.008972681276325062 -0.0009397498115915532 0.013851194021811942 -0.006965343151394031 0.0 0.0 0.0 0.0 0.0 0.0 -0.044007711970007544 0.00010390894231131803 -0.05686258790615531 0.010540953895109681 0.0 0.0 0.0 0.0 0.0 0.0 0.0003031846968379022 0.0005836362186710727 0.001099447623736456 -0.0012825528341978917 0.0 0.0 0.0 0.0 0.0 0.0 -0.00428211344209406 0.0006744936145543998 -0.004250001125176672 0.004254919289255577 0.0 0.0 0.0 0.0 0.0 0.0 -0.0008378241747393472 0.0013861468835146414 -0.0010350064094396389 -0.001541233535178206 0.0 0.0 0.0 0.0 0.0 0.0 -0.0022180226133535646 0.0004720171290893976 -0.0016900799656927416 0.0005040285158766132 0.0 0.0 0.0 0.0

# View 2 scaled principal axes
-0.036361696064859624 -0.021395877971186503 0.1730480731051422 -0.018635247509940105 0.0050779914180459
-0.05643324113208917 -0.022874026246797078 0.009965886382597046 0.0041541740613417946 0.07106916019166656
0.08231656555979554 -0.0006786143508516268 0.030109756429802865 0.10420031454279016 -0.02865532434104971
0.05575275830065395 -0.020399325176273884 -0.0009234135850961034 -0.025896988022462108 -0.06373315647801006
0.0454294831167978 0.014877128999427783 0.028476792215655883 0.045940355225716836 0.014455801040995796
0.0060208612567180676 -0.0014151363199784198 0.028895636148762654 -0.021979216043104318 -0.020478615433693757
0.14098835043473626 0.14354130061696121 0.002577787746046541 -0.009339581592207555 0.018634366476469846
0.2876495699963954 -0.08891849976409344 -0.007962181293164228 -0.008909041882370025 0.037168749441419596
0.10374941664304493 0.13616797314468734 0.024041089996038344 -0.01665246482954008 -0.0028983059902255993
0.17110402354500684 -0.060677468787105275 0.013659348180336732 -0.022812246194114004 -0.019920443080533562
4.029593748076411e-29 0.0 0.0 -5.407470761727592e-20 -1.5676821941149865e-18
3.148120115684696e-31 -9.474993120410522e-26 -6.054521604066569e-25 0.0 -3.919205485287466e-19
-0.0005320508699650202 -0.0008362923482558752 -0.000987008769683029 0.00030825043902039505 0.002078350684703514
-0.0023502069201559246 -0.0019235202766971322 1.392615747559945e-05 0.0004319722749460735 0.0005601243027563618
-0.0015953963499747415 -0.002799316204269132 -0.0025508254872956258 -0.0013061128204915073 -0.0006843378119312998
-0.00038618728723965374 0.0026259554147846443 0.0014297407377576786 -0.0011289973905304264 -0.00014394268709084682
0.0 0.0 0.0 0.0 0.0
0.0 0.0 0.0 -3.1475622449812897e-30 0.0
0.0 0.0 0.0 1.4754198023349797e-31 1.1406389196890715e-29
0.0 0.0 0.0 7.300254230303285e-32 8.733016728869454e-30
0.0 0.0 0.0 4.4545959201357215e-33 5.082192452227919e-31
0.0 0.0 0.0 -5.490387028418627e-34 -6.29073607689085e-32
0.008643585626613834 0.00660296427951697 0.0036429425685820327 -0.004780185142455779 -0.003506533461018054
0.0035849896967580937 -0.004358039271135302 0.003928647068008151 0.0066906665759030376 -0.001532520256598699
0.0004899094892723135 0.005884386944964094 0.0018381762622275677 0.0035752243570053594 0.0022142147047816535
0.0016886525287878682 0.0019458512618427245 0.0009391651992874201 -0.0026363113902359084 -0.0025985467289486603
0.0 0.0 0.0 4.685307452951514e-35 5.3676249861575976e-33
0.0 0.0 0.0 8.698270076754577e-35 9.964992109737007e-33
0.0 0.0 0.0 -1.4355168302685328e-35 -1.6445699847160318e-33
0.0 0.0 0.0 -8.967955477795357e-36 -1.0273951577641695e-33
0.0 0.0 0.0 6.934561143613626e-37 7.944435671046851e-35
0.0 0.0 0.0 -1.1187448115270887e-36 -1.281666713364479e-34
-0.0015907447516963406 0.0010026284663871812 -0.0014722817840049302 0.001046689848288156 -0.0013225478041265894
0.0006142469692237501 -0.0003310713605589031 0.0007358031296827207 -0.00046357367185369865 -4.920291936727207e-05
-0.0007928473617961382 0.0014495749000287396 -0.0019584701537532687 0.00030225544174709786 -0.0012219408673988731
-0.00030129933785093184 -0.0004426601951757459 0.0011386452195336736 0.000863668395870163 0.0004697474594512375
0.0 0.0 0.0 0.0 0.0
0.0 0.0 0.0 0.0 0.0
0.0 0.0 0.0 0.0 0.0
0.0 0.0 0.0 0.0 0.0
0.0 0.0 0.0 0.0 0.0
0.0 0.0 0.0 0.0 0.0
-0.0001932959298815843 0.00013524332767356765 0.0003917277484855358 -0.0004274157909418415 -0.0007797105146380795
0.00011822100126144686 -0.0008993146580301296 0.00038211959001032515 0.0006055940723154939 -0.0005221304178360983
0.00011022584551555642 0.0011852258222318644 0.00012860948789097 4.54294799216471e-05 -0.00018859909114375188
0.0012472456807561285 -0.0008121705333838133 -0.0005374180082151002 -0.00043323240343457045 0.000390507579422083
0.0 0.0 0.0 0.0 0.0
0.0 0.0 0.0 0.0 0.0
0.0 0.0 0.0 0.0 0.0
0.0 0.0 0.0 0.0 0.0
0.0 0.0 0.0 0.0 0.0
0.0 0.0 0.0 0.0 0.0
-7.315871694545384e-05 3.575760095798936e-05 -0.0002440197921500878 -0.0004485203695945025 0.0005169187401993559
0.00021066311309914543 -0.0006931939401826132 0.00026668494944378764 0.0002466850727263979 0.00036679219204752985
-0.00011192477563347026 0.0003693687048504404 -3.4631898206376126e-05 -4.227861235975312e-05 0.00022005224230169646
0.00020439456996425122 0.0003370719833862437 6.414655601573529e-05 -0.000135707979872636 2.4789566138213894e-05
0.0 0.0 0.0 0.0 0.0
0.0 0.0 0.0 0.0 0.0
0.0 0.0 0.0 0.0 0.0
0.0 0.0 0.0 0.0 0.0
0.0 0.0 0.0 0.0 0.0
0.0 0.0 0.0 0.0 0.0
0.0004360827955293765 0.0004629722448962199 0.00022979620850852796 0.0008032431002740901 0.0013427907019012309
0.0006257150118457076 -0.00018707275346656335 0.00023523613713027233 0.0009887139932599313 0.0002726133367860316
-0.0010164979579841478 0.00047381381747343894 0.0002499833857358286 0.0007711631053364774 -0.00023520815024267056
0.00041339828843505805 -0.000403337959092525 2.1429163071300276e-05 0.0005044505590375332 0.0006433649820355304
0.0 0.0 0.0 0.0 0.0
0.0 0.0 0.0 0.0 0.0
0.0 0.0 0.0 0.0 0.0
0.0 0.0 0.0 0.0 0.0

# View 3 max Fourier expansion order
1

# View 3 mean
0.03215092978415387 -0.42160375443237025 0.10916099650825542 0.034866944060597295 -0.4688210772802623 -0.6157797857562971 -0.043730443097305234 -0.7740269579476668 -1.0430864101113655 -0.44820283861042726 -0.8616039080282527 -0.1919334485807032 0.001848564618843812 -0.0030460746361225407 0.0025297540571894684 0.00011710687252721351 0.0 0.0 0.0037454079368535024 -0.0012387301565296412 0.0 0.0 0.0 0.0 -0.008575386419764502 -0.003971070996974523 -0.013630956130406182 -0.020318940248652436 0.0 0.0 -0.0024975605713241492 -0.004915995065554956 0.0 0.0 0.0 0.0

# View 3 scaled principal axes
0.030138946110564332 0.04485657163036454 -0.03331693498553794 0.07669611824445172 -0.009118653879630836
-0.025841447416782078 -0.004047426393130801 0.011100375314069834 0.009159852891318888 -0.02295751884420847
-0.09080530178942149 0.05295008140395293 -0.13387426595847904 -0.018981505989194878 -0.028564657542273917
-0.02968371719407575 0.004883506484184731 -0.02367556358040779 -0.008026598712926191 -0.01585534582228102
-0.009552432711855713 0.0005385383493801135 0.017640931068780473 0.028872220749977303 0.008746479843004668
-0.01726002254448567 -0.0357424403867391 0.017910917980004416 0.035271253575254104 -0.04582122340064275
0.011065532390942658 0.042064438381819766 -0.02475292781620932 0.08539929546016439 0.045034835690339545
-0.023141567969684 -0.011370225457928805 0.005438196277802634 0.030986433195123522 -0.010337363976782792
-0.21559167870801224 0.05595187526071013 0.06189410010418795 0.022400532422619312 -0.027535194243958727
-0.0677739280605696 -0.14289143823530126 -0.03383469521556441 0.01284828511593985 0.04072694120981317
-0.1707840486568415 0.04874453398348959 0.005998811624645897 -0.024373895337369583 0.05866558282054019
-0.09648105358830372 -0.1332827440394565 -0.014178741861922663 0.019398436017060015 -0.020738975417245467
0.0026380781541663354 0.0014065388632128458 0.002454867620855402 -0.0008199878011042293 -0.00046930217646875974
0.0013418536604130487 0.002951274995114909 0.0011230613102376802 -0.0002544337203891553 0.0018230474500455056
0.0012742821320917738 0.0020408131936045975 -0.0005914938095979873 -0.00039350056374936655 -0.0036300070949544217
0.0017225665265081765 0.002030072135210575 0.001161962164261688 5.699265253787552e-05 0.0018411816067233863
0.0 -8.765245082876496e-35 0.0 0.0 0.0
0.0 -6.847847720997263e-37 0.0 0.0 0.0
0.003921674535459711 2.9644749101914033e-05 0.001600582094498769 -0.0007275258271842171 0.0009873662586687266
0.00041371514843241945 0.001964013543397873 0.0007465317289953288 8.237768843814289e-05 0.0012479188389819252
0.0 0.0 0.0 0.0 0.0
0.0 0.0 0.0 0.0 0.0
0.0 0.0 0.0 0.0 0.0
0.0 0.0 0.0 0.0 0.0
0.0012576279793270828 0.0013412734344553673 0.002625771036688047 0.0011531736494968202 0.0025295410908881327
-0.0031284717218111493 -0.0004928012472068499 0.00046500034972132105 -0.0008208802685827454 0.0013776362396525617
0.006521091132356278 -0.0009176946897226459 -0.000860007714584578 0.0033595350746865138 -0.0004487506437864087
0.002603655450356233 -0.005782880740186087 0.00302480449697987 -0.0002952157600941896 0.0034844613031182756
0.0 0.0 0.0 0.0 0.0
0.0 0.0 0.0 0.0 0.0
0.0005615681398868287 0.0013896223047704698 0.0015851617510584041 0.001952688784423637 0.0005097944946456326
-0.00379629544100242 -0.0006678543022353542 0.0011677393553119852 -0.0022338898399104122 -0.00128234955160446
0.0 0.0 0.0 0.0 0.0
0.0 0.0 0.0 0.0 0.0
0.0 0.0 0.0 0.0 0.0
0.0 0.0 0.0 0.0 0.0

